答案跨度匹配度与块粒度关系对照表:
==========================================================================================
块大小        同块命中率           F1分数       精确率        召回率        一致性分数          
==========================================================================================
100        0.6000          1.0000     1.0000     1.0000     0.9000         
200        0.8000          1.0000     1.0000     1.0000     0.9750         
300        0.8000          1.0000     1.0000     1.0000     0.9500         
500        1.0000          1.0000     1.0000     1.0000     1.0000         
800        1.0000          1.0000     1.0000     1.0000     1.0000         
1300       1.0000          1.0000     1.0000     1.0000     1.0000         
2100       1.0000          1.0000     1.0000     1.0000     1.0000         
==========================================================================================
